{
 "cells": [
  {
   "cell_type": "code",
   "execution_count": 1,
   "metadata": {},
   "outputs": [],
   "source": [
    "import pandas as pd\n",
    "import numpy as np\n",
    "import matplotlib.pyplot as plt\n",
    "import seaborn as sns\n",
    "from sklearn.preprocessing import StandardScaler\n",
    "from sklearn.linear_model import LinearRegression\n",
    "from sklearn.linear_model import RANSACRegressor\n",
    "from sklearn.model_selection import train_test_split\n",
    "from sklearn.metrics import r2_score\n",
    "from sklearn.metrics import mean_squared_error\n",
    "from sklearn.linear_model import Lasso\n",
    "from sklearn.linear_model import Ridge\n",
    "from sklearn.preprocessing import PolynomialFeatures\n",
    "from sklearn.tree import DecisionTreeRegressor\n",
    "from sklearn.ensemble import RandomForestRegressor"
   ]
  },
  {
   "cell_type": "code",
   "execution_count": 2,
   "metadata": {},
   "outputs": [],
   "source": [
    "from distutils.version import LooseVersion as Version\n",
    "from sklearn import __version__ as sklearn_version\n",
    "if Version(sklearn_version) < '0.18':\n",
    "    from sklearn.cross_validation import train_test_split\n",
    "else:\n",
    "    from sklearn.model_selection import train_test_split"
   ]
  },
  {
   "cell_type": "code",
   "execution_count": 3,
   "metadata": {},
   "outputs": [
    {
     "data": {
      "text/html": [
       "<div>\n",
       "<style scoped>\n",
       "    .dataframe tbody tr th:only-of-type {\n",
       "        vertical-align: middle;\n",
       "    }\n",
       "\n",
       "    .dataframe tbody tr th {\n",
       "        vertical-align: top;\n",
       "    }\n",
       "\n",
       "    .dataframe thead th {\n",
       "        text-align: right;\n",
       "    }\n",
       "</style>\n",
       "<table border=\"1\" class=\"dataframe\">\n",
       "  <thead>\n",
       "    <tr style=\"text-align: right;\">\n",
       "      <th></th>\n",
       "      <th>CRIM</th>\n",
       "      <th>ZN</th>\n",
       "      <th>INDUS</th>\n",
       "      <th>CHAS</th>\n",
       "      <th>NOX</th>\n",
       "      <th>RM</th>\n",
       "      <th>AGE</th>\n",
       "      <th>DIS</th>\n",
       "      <th>RAD</th>\n",
       "      <th>TAX</th>\n",
       "      <th>PTRATIO</th>\n",
       "      <th>B</th>\n",
       "      <th>LSTAT</th>\n",
       "      <th>MEDV</th>\n",
       "    </tr>\n",
       "  </thead>\n",
       "  <tbody>\n",
       "    <tr>\n",
       "      <th>0</th>\n",
       "      <td>0.00632</td>\n",
       "      <td>18.0</td>\n",
       "      <td>2.31</td>\n",
       "      <td>0.0</td>\n",
       "      <td>0.538</td>\n",
       "      <td>6.575</td>\n",
       "      <td>65.2</td>\n",
       "      <td>4.0900</td>\n",
       "      <td>1</td>\n",
       "      <td>296.0</td>\n",
       "      <td>15.3</td>\n",
       "      <td>396.90</td>\n",
       "      <td>4.98</td>\n",
       "      <td>24.0</td>\n",
       "    </tr>\n",
       "    <tr>\n",
       "      <th>1</th>\n",
       "      <td>0.02731</td>\n",
       "      <td>0.0</td>\n",
       "      <td>7.07</td>\n",
       "      <td>0.0</td>\n",
       "      <td>0.469</td>\n",
       "      <td>6.421</td>\n",
       "      <td>78.9</td>\n",
       "      <td>4.9671</td>\n",
       "      <td>2</td>\n",
       "      <td>242.0</td>\n",
       "      <td>17.8</td>\n",
       "      <td>396.90</td>\n",
       "      <td>9.14</td>\n",
       "      <td>21.6</td>\n",
       "    </tr>\n",
       "    <tr>\n",
       "      <th>2</th>\n",
       "      <td>0.02729</td>\n",
       "      <td>0.0</td>\n",
       "      <td>7.07</td>\n",
       "      <td>0.0</td>\n",
       "      <td>0.469</td>\n",
       "      <td>7.185</td>\n",
       "      <td>61.1</td>\n",
       "      <td>4.9671</td>\n",
       "      <td>2</td>\n",
       "      <td>242.0</td>\n",
       "      <td>17.8</td>\n",
       "      <td>392.83</td>\n",
       "      <td>4.03</td>\n",
       "      <td>34.7</td>\n",
       "    </tr>\n",
       "    <tr>\n",
       "      <th>3</th>\n",
       "      <td>0.03237</td>\n",
       "      <td>0.0</td>\n",
       "      <td>2.18</td>\n",
       "      <td>0.0</td>\n",
       "      <td>0.458</td>\n",
       "      <td>6.998</td>\n",
       "      <td>45.8</td>\n",
       "      <td>6.0622</td>\n",
       "      <td>3</td>\n",
       "      <td>222.0</td>\n",
       "      <td>18.7</td>\n",
       "      <td>394.63</td>\n",
       "      <td>2.94</td>\n",
       "      <td>33.4</td>\n",
       "    </tr>\n",
       "    <tr>\n",
       "      <th>4</th>\n",
       "      <td>0.06905</td>\n",
       "      <td>0.0</td>\n",
       "      <td>2.18</td>\n",
       "      <td>0.0</td>\n",
       "      <td>0.458</td>\n",
       "      <td>7.147</td>\n",
       "      <td>54.2</td>\n",
       "      <td>6.0622</td>\n",
       "      <td>3</td>\n",
       "      <td>222.0</td>\n",
       "      <td>18.7</td>\n",
       "      <td>396.90</td>\n",
       "      <td>5.33</td>\n",
       "      <td>36.2</td>\n",
       "    </tr>\n",
       "  </tbody>\n",
       "</table>\n",
       "</div>"
      ],
      "text/plain": [
       "      CRIM    ZN  INDUS  CHAS    NOX     RM   AGE     DIS  RAD    TAX  \\\n",
       "0  0.00632  18.0   2.31   0.0  0.538  6.575  65.2  4.0900    1  296.0   \n",
       "1  0.02731   0.0   7.07   0.0  0.469  6.421  78.9  4.9671    2  242.0   \n",
       "2  0.02729   0.0   7.07   0.0  0.469  7.185  61.1  4.9671    2  242.0   \n",
       "3  0.03237   0.0   2.18   0.0  0.458  6.998  45.8  6.0622    3  222.0   \n",
       "4  0.06905   0.0   2.18   0.0  0.458  7.147  54.2  6.0622    3  222.0   \n",
       "\n",
       "   PTRATIO       B  LSTAT  MEDV  \n",
       "0     15.3  396.90   4.98  24.0  \n",
       "1     17.8  396.90   9.14  21.6  \n",
       "2     17.8  392.83   4.03  34.7  \n",
       "3     18.7  394.63   2.94  33.4  \n",
       "4     18.7  396.90   5.33  36.2  "
      ]
     },
     "execution_count": 3,
     "metadata": {},
     "output_type": "execute_result"
    }
   ],
   "source": [
    "df = pd.read_csv('housing.csv')\n",
    "df.head()"
   ]
  },
  {
   "cell_type": "code",
   "execution_count": 4,
   "metadata": {},
   "outputs": [
    {
     "name": "stdout",
     "output_type": "stream",
     "text": [
      "Number of rows of data:  506\n",
      "Number of columns of data:  14\n"
     ]
    }
   ],
   "source": [
    "print('Number of rows of data: ', df.shape[0])\n",
    "print('Number of columns of data: ', df.shape[1])"
   ]
  },
  {
   "cell_type": "code",
   "execution_count": 5,
   "metadata": {},
   "outputs": [
    {
     "name": "stdout",
     "output_type": "stream",
     "text": [
      "<class 'pandas.core.frame.DataFrame'>\n",
      "RangeIndex: 506 entries, 0 to 505\n",
      "Data columns (total 14 columns):\n",
      "CRIM       506 non-null float64\n",
      "ZN         506 non-null float64\n",
      "INDUS      506 non-null float64\n",
      "CHAS       506 non-null float64\n",
      "NOX        506 non-null float64\n",
      "RM         506 non-null float64\n",
      "AGE        506 non-null float64\n",
      "DIS        506 non-null float64\n",
      "RAD        506 non-null int64\n",
      "TAX        506 non-null float64\n",
      "PTRATIO    506 non-null float64\n",
      "B          506 non-null float64\n",
      "LSTAT      506 non-null float64\n",
      "MEDV       452 non-null float64\n",
      "dtypes: float64(13), int64(1)\n",
      "memory usage: 55.4 KB\n"
     ]
    }
   ],
   "source": [
    "df.info()"
   ]
  },
  {
   "cell_type": "code",
   "execution_count": 6,
   "metadata": {},
   "outputs": [
    {
     "name": "stdout",
     "output_type": "stream",
     "text": [
      "<class 'pandas.core.frame.DataFrame'>\n",
      "Int64Index: 452 entries, 0 to 505\n",
      "Data columns (total 14 columns):\n",
      "CRIM       452 non-null float64\n",
      "ZN         452 non-null float64\n",
      "INDUS      452 non-null float64\n",
      "CHAS       452 non-null float64\n",
      "NOX        452 non-null float64\n",
      "RM         452 non-null float64\n",
      "AGE        452 non-null float64\n",
      "DIS        452 non-null float64\n",
      "RAD        452 non-null int64\n",
      "TAX        452 non-null float64\n",
      "PTRATIO    452 non-null float64\n",
      "B          452 non-null float64\n",
      "LSTAT      452 non-null float64\n",
      "MEDV       452 non-null float64\n",
      "dtypes: float64(13), int64(1)\n",
      "memory usage: 53.0 KB\n"
     ]
    }
   ],
   "source": [
    "# Drop all rows that contain missing values\n",
    "df.dropna(inplace=True)\n",
    "df.info()"
   ]
  },
  {
   "cell_type": "code",
   "execution_count": 7,
   "metadata": {},
   "outputs": [
    {
     "data": {
      "text/plain": [
       "(452, 14)"
      ]
     },
     "execution_count": 7,
     "metadata": {},
     "output_type": "execute_result"
    }
   ],
   "source": [
    "df.shape"
   ]
  },
  {
   "cell_type": "code",
   "execution_count": 8,
   "metadata": {},
   "outputs": [
    {
     "data": {
      "text/html": [
       "<div>\n",
       "<style scoped>\n",
       "    .dataframe tbody tr th:only-of-type {\n",
       "        vertical-align: middle;\n",
       "    }\n",
       "\n",
       "    .dataframe tbody tr th {\n",
       "        vertical-align: top;\n",
       "    }\n",
       "\n",
       "    .dataframe thead th {\n",
       "        text-align: right;\n",
       "    }\n",
       "</style>\n",
       "<table border=\"1\" class=\"dataframe\">\n",
       "  <thead>\n",
       "    <tr style=\"text-align: right;\">\n",
       "      <th></th>\n",
       "      <th>CRIM</th>\n",
       "      <th>ZN</th>\n",
       "      <th>INDUS</th>\n",
       "      <th>CHAS</th>\n",
       "      <th>NOX</th>\n",
       "      <th>RM</th>\n",
       "      <th>AGE</th>\n",
       "      <th>DIS</th>\n",
       "      <th>RAD</th>\n",
       "      <th>TAX</th>\n",
       "      <th>PTRATIO</th>\n",
       "      <th>B</th>\n",
       "      <th>LSTAT</th>\n",
       "      <th>MEDV</th>\n",
       "    </tr>\n",
       "  </thead>\n",
       "  <tbody>\n",
       "    <tr>\n",
       "      <th>count</th>\n",
       "      <td>452.000000</td>\n",
       "      <td>452.000000</td>\n",
       "      <td>452.000000</td>\n",
       "      <td>452.000000</td>\n",
       "      <td>452.000000</td>\n",
       "      <td>452.000000</td>\n",
       "      <td>452.000000</td>\n",
       "      <td>452.000000</td>\n",
       "      <td>452.000000</td>\n",
       "      <td>452.000000</td>\n",
       "      <td>452.000000</td>\n",
       "      <td>452.000000</td>\n",
       "      <td>452.000000</td>\n",
       "      <td>452.000000</td>\n",
       "    </tr>\n",
       "    <tr>\n",
       "      <th>mean</th>\n",
       "      <td>1.420825</td>\n",
       "      <td>12.721239</td>\n",
       "      <td>10.304889</td>\n",
       "      <td>0.077434</td>\n",
       "      <td>0.540816</td>\n",
       "      <td>6.343538</td>\n",
       "      <td>65.557965</td>\n",
       "      <td>4.043570</td>\n",
       "      <td>7.823009</td>\n",
       "      <td>377.442478</td>\n",
       "      <td>18.247124</td>\n",
       "      <td>369.826504</td>\n",
       "      <td>11.441881</td>\n",
       "      <td>23.750442</td>\n",
       "    </tr>\n",
       "    <tr>\n",
       "      <th>std</th>\n",
       "      <td>2.495894</td>\n",
       "      <td>24.326032</td>\n",
       "      <td>6.797103</td>\n",
       "      <td>0.267574</td>\n",
       "      <td>0.113816</td>\n",
       "      <td>0.666808</td>\n",
       "      <td>28.127025</td>\n",
       "      <td>2.090492</td>\n",
       "      <td>7.543494</td>\n",
       "      <td>151.327573</td>\n",
       "      <td>2.200064</td>\n",
       "      <td>68.554439</td>\n",
       "      <td>6.156437</td>\n",
       "      <td>8.808602</td>\n",
       "    </tr>\n",
       "    <tr>\n",
       "      <th>min</th>\n",
       "      <td>0.006320</td>\n",
       "      <td>0.000000</td>\n",
       "      <td>0.460000</td>\n",
       "      <td>0.000000</td>\n",
       "      <td>0.385000</td>\n",
       "      <td>3.561000</td>\n",
       "      <td>2.900000</td>\n",
       "      <td>1.129600</td>\n",
       "      <td>1.000000</td>\n",
       "      <td>187.000000</td>\n",
       "      <td>12.600000</td>\n",
       "      <td>0.320000</td>\n",
       "      <td>1.730000</td>\n",
       "      <td>6.300000</td>\n",
       "    </tr>\n",
       "    <tr>\n",
       "      <th>25%</th>\n",
       "      <td>0.069875</td>\n",
       "      <td>0.000000</td>\n",
       "      <td>4.930000</td>\n",
       "      <td>0.000000</td>\n",
       "      <td>0.447000</td>\n",
       "      <td>5.926750</td>\n",
       "      <td>40.950000</td>\n",
       "      <td>2.354750</td>\n",
       "      <td>4.000000</td>\n",
       "      <td>276.750000</td>\n",
       "      <td>16.800000</td>\n",
       "      <td>377.717500</td>\n",
       "      <td>6.587500</td>\n",
       "      <td>18.500000</td>\n",
       "    </tr>\n",
       "    <tr>\n",
       "      <th>50%</th>\n",
       "      <td>0.191030</td>\n",
       "      <td>0.000000</td>\n",
       "      <td>8.140000</td>\n",
       "      <td>0.000000</td>\n",
       "      <td>0.519000</td>\n",
       "      <td>6.229000</td>\n",
       "      <td>71.800000</td>\n",
       "      <td>3.550400</td>\n",
       "      <td>5.000000</td>\n",
       "      <td>307.000000</td>\n",
       "      <td>18.600000</td>\n",
       "      <td>392.080000</td>\n",
       "      <td>10.250000</td>\n",
       "      <td>21.950000</td>\n",
       "    </tr>\n",
       "    <tr>\n",
       "      <th>75%</th>\n",
       "      <td>1.211460</td>\n",
       "      <td>20.000000</td>\n",
       "      <td>18.100000</td>\n",
       "      <td>0.000000</td>\n",
       "      <td>0.605000</td>\n",
       "      <td>6.635000</td>\n",
       "      <td>91.625000</td>\n",
       "      <td>5.401100</td>\n",
       "      <td>7.000000</td>\n",
       "      <td>411.000000</td>\n",
       "      <td>20.200000</td>\n",
       "      <td>396.157500</td>\n",
       "      <td>15.105000</td>\n",
       "      <td>26.600000</td>\n",
       "    </tr>\n",
       "    <tr>\n",
       "      <th>max</th>\n",
       "      <td>9.966540</td>\n",
       "      <td>100.000000</td>\n",
       "      <td>27.740000</td>\n",
       "      <td>1.000000</td>\n",
       "      <td>0.871000</td>\n",
       "      <td>8.780000</td>\n",
       "      <td>100.000000</td>\n",
       "      <td>12.126500</td>\n",
       "      <td>24.000000</td>\n",
       "      <td>711.000000</td>\n",
       "      <td>22.000000</td>\n",
       "      <td>396.900000</td>\n",
       "      <td>34.410000</td>\n",
       "      <td>50.000000</td>\n",
       "    </tr>\n",
       "  </tbody>\n",
       "</table>\n",
       "</div>"
      ],
      "text/plain": [
       "             CRIM          ZN       INDUS        CHAS         NOX          RM  \\\n",
       "count  452.000000  452.000000  452.000000  452.000000  452.000000  452.000000   \n",
       "mean     1.420825   12.721239   10.304889    0.077434    0.540816    6.343538   \n",
       "std      2.495894   24.326032    6.797103    0.267574    0.113816    0.666808   \n",
       "min      0.006320    0.000000    0.460000    0.000000    0.385000    3.561000   \n",
       "25%      0.069875    0.000000    4.930000    0.000000    0.447000    5.926750   \n",
       "50%      0.191030    0.000000    8.140000    0.000000    0.519000    6.229000   \n",
       "75%      1.211460   20.000000   18.100000    0.000000    0.605000    6.635000   \n",
       "max      9.966540  100.000000   27.740000    1.000000    0.871000    8.780000   \n",
       "\n",
       "              AGE         DIS         RAD         TAX     PTRATIO           B  \\\n",
       "count  452.000000  452.000000  452.000000  452.000000  452.000000  452.000000   \n",
       "mean    65.557965    4.043570    7.823009  377.442478   18.247124  369.826504   \n",
       "std     28.127025    2.090492    7.543494  151.327573    2.200064   68.554439   \n",
       "min      2.900000    1.129600    1.000000  187.000000   12.600000    0.320000   \n",
       "25%     40.950000    2.354750    4.000000  276.750000   16.800000  377.717500   \n",
       "50%     71.800000    3.550400    5.000000  307.000000   18.600000  392.080000   \n",
       "75%     91.625000    5.401100    7.000000  411.000000   20.200000  396.157500   \n",
       "max    100.000000   12.126500   24.000000  711.000000   22.000000  396.900000   \n",
       "\n",
       "            LSTAT        MEDV  \n",
       "count  452.000000  452.000000  \n",
       "mean    11.441881   23.750442  \n",
       "std      6.156437    8.808602  \n",
       "min      1.730000    6.300000  \n",
       "25%      6.587500   18.500000  \n",
       "50%     10.250000   21.950000  \n",
       "75%     15.105000   26.600000  \n",
       "max     34.410000   50.000000  "
      ]
     },
     "execution_count": 8,
     "metadata": {},
     "output_type": "execute_result"
    }
   ],
   "source": [
    "df.describe()"
   ]
  },
  {
   "cell_type": "code",
   "execution_count": 9,
   "metadata": {},
   "outputs": [
    {
     "data": {
      "text/html": [
       "<div>\n",
       "<style scoped>\n",
       "    .dataframe tbody tr th:only-of-type {\n",
       "        vertical-align: middle;\n",
       "    }\n",
       "\n",
       "    .dataframe tbody tr th {\n",
       "        vertical-align: top;\n",
       "    }\n",
       "\n",
       "    .dataframe thead th {\n",
       "        text-align: right;\n",
       "    }\n",
       "</style>\n",
       "<table border=\"1\" class=\"dataframe\">\n",
       "  <thead>\n",
       "    <tr style=\"text-align: right;\">\n",
       "      <th></th>\n",
       "      <th>CRIM</th>\n",
       "      <th>ZN</th>\n",
       "      <th>INDUS</th>\n",
       "      <th>CHAS</th>\n",
       "      <th>NOX</th>\n",
       "      <th>RM</th>\n",
       "      <th>AGE</th>\n",
       "      <th>DIS</th>\n",
       "      <th>RAD</th>\n",
       "      <th>TAX</th>\n",
       "      <th>PTRATIO</th>\n",
       "      <th>B</th>\n",
       "      <th>LSTAT</th>\n",
       "      <th>MEDV</th>\n",
       "    </tr>\n",
       "  </thead>\n",
       "  <tbody>\n",
       "    <tr>\n",
       "      <th>CRIM</th>\n",
       "      <td>1.000000</td>\n",
       "      <td>-0.281239</td>\n",
       "      <td>0.573822</td>\n",
       "      <td>0.050066</td>\n",
       "      <td>0.636941</td>\n",
       "      <td>-0.142458</td>\n",
       "      <td>0.447664</td>\n",
       "      <td>-0.461967</td>\n",
       "      <td>0.897988</td>\n",
       "      <td>0.825668</td>\n",
       "      <td>0.319470</td>\n",
       "      <td>-0.413014</td>\n",
       "      <td>0.424789</td>\n",
       "      <td>-0.286245</td>\n",
       "    </tr>\n",
       "    <tr>\n",
       "      <th>ZN</th>\n",
       "      <td>-0.281239</td>\n",
       "      <td>1.000000</td>\n",
       "      <td>-0.514273</td>\n",
       "      <td>-0.059697</td>\n",
       "      <td>-0.500729</td>\n",
       "      <td>0.306623</td>\n",
       "      <td>-0.555679</td>\n",
       "      <td>0.656152</td>\n",
       "      <td>-0.266606</td>\n",
       "      <td>-0.269446</td>\n",
       "      <td>-0.364122</td>\n",
       "      <td>0.150380</td>\n",
       "      <td>-0.411165</td>\n",
       "      <td>0.331570</td>\n",
       "    </tr>\n",
       "    <tr>\n",
       "      <th>INDUS</th>\n",
       "      <td>0.573822</td>\n",
       "      <td>-0.514273</td>\n",
       "      <td>1.000000</td>\n",
       "      <td>0.103016</td>\n",
       "      <td>0.738517</td>\n",
       "      <td>-0.364895</td>\n",
       "      <td>0.605982</td>\n",
       "      <td>-0.669362</td>\n",
       "      <td>0.513306</td>\n",
       "      <td>0.673312</td>\n",
       "      <td>0.317336</td>\n",
       "      <td>-0.316752</td>\n",
       "      <td>0.565402</td>\n",
       "      <td>-0.411915</td>\n",
       "    </tr>\n",
       "    <tr>\n",
       "      <th>CHAS</th>\n",
       "      <td>0.050066</td>\n",
       "      <td>-0.059697</td>\n",
       "      <td>0.103016</td>\n",
       "      <td>1.000000</td>\n",
       "      <td>0.134064</td>\n",
       "      <td>0.076580</td>\n",
       "      <td>0.123141</td>\n",
       "      <td>-0.140662</td>\n",
       "      <td>0.057337</td>\n",
       "      <td>0.016894</td>\n",
       "      <td>-0.099623</td>\n",
       "      <td>0.013415</td>\n",
       "      <td>-0.009430</td>\n",
       "      <td>0.154409</td>\n",
       "    </tr>\n",
       "    <tr>\n",
       "      <th>NOX</th>\n",
       "      <td>0.636941</td>\n",
       "      <td>-0.500729</td>\n",
       "      <td>0.738517</td>\n",
       "      <td>0.134064</td>\n",
       "      <td>1.000000</td>\n",
       "      <td>-0.264594</td>\n",
       "      <td>0.707148</td>\n",
       "      <td>-0.745812</td>\n",
       "      <td>0.542499</td>\n",
       "      <td>0.615120</td>\n",
       "      <td>0.103464</td>\n",
       "      <td>-0.358433</td>\n",
       "      <td>0.536824</td>\n",
       "      <td>-0.332778</td>\n",
       "    </tr>\n",
       "    <tr>\n",
       "      <th>RM</th>\n",
       "      <td>-0.142458</td>\n",
       "      <td>0.306623</td>\n",
       "      <td>-0.364895</td>\n",
       "      <td>0.076580</td>\n",
       "      <td>-0.264594</td>\n",
       "      <td>1.000000</td>\n",
       "      <td>-0.187871</td>\n",
       "      <td>0.138774</td>\n",
       "      <td>-0.095931</td>\n",
       "      <td>-0.214948</td>\n",
       "      <td>-0.334164</td>\n",
       "      <td>0.108352</td>\n",
       "      <td>-0.607289</td>\n",
       "      <td>0.740181</td>\n",
       "    </tr>\n",
       "    <tr>\n",
       "      <th>AGE</th>\n",
       "      <td>0.447664</td>\n",
       "      <td>-0.555679</td>\n",
       "      <td>0.605982</td>\n",
       "      <td>0.123141</td>\n",
       "      <td>0.707148</td>\n",
       "      <td>-0.187871</td>\n",
       "      <td>1.000000</td>\n",
       "      <td>-0.720334</td>\n",
       "      <td>0.359326</td>\n",
       "      <td>0.427095</td>\n",
       "      <td>0.192956</td>\n",
       "      <td>-0.223765</td>\n",
       "      <td>0.573266</td>\n",
       "      <td>-0.299893</td>\n",
       "    </tr>\n",
       "    <tr>\n",
       "      <th>DIS</th>\n",
       "      <td>-0.461967</td>\n",
       "      <td>0.656152</td>\n",
       "      <td>-0.669362</td>\n",
       "      <td>-0.140662</td>\n",
       "      <td>-0.745812</td>\n",
       "      <td>0.138774</td>\n",
       "      <td>-0.720334</td>\n",
       "      <td>1.000000</td>\n",
       "      <td>-0.388385</td>\n",
       "      <td>-0.444131</td>\n",
       "      <td>-0.152253</td>\n",
       "      <td>0.234449</td>\n",
       "      <td>-0.423725</td>\n",
       "      <td>0.138798</td>\n",
       "    </tr>\n",
       "    <tr>\n",
       "      <th>RAD</th>\n",
       "      <td>0.897988</td>\n",
       "      <td>-0.266606</td>\n",
       "      <td>0.513306</td>\n",
       "      <td>0.057337</td>\n",
       "      <td>0.542499</td>\n",
       "      <td>-0.095931</td>\n",
       "      <td>0.359326</td>\n",
       "      <td>-0.388385</td>\n",
       "      <td>1.000000</td>\n",
       "      <td>0.872876</td>\n",
       "      <td>0.387484</td>\n",
       "      <td>-0.352586</td>\n",
       "      <td>0.309788</td>\n",
       "      <td>-0.217902</td>\n",
       "    </tr>\n",
       "    <tr>\n",
       "      <th>TAX</th>\n",
       "      <td>0.825668</td>\n",
       "      <td>-0.269446</td>\n",
       "      <td>0.673312</td>\n",
       "      <td>0.016894</td>\n",
       "      <td>0.615120</td>\n",
       "      <td>-0.214948</td>\n",
       "      <td>0.427095</td>\n",
       "      <td>-0.444131</td>\n",
       "      <td>0.872876</td>\n",
       "      <td>1.000000</td>\n",
       "      <td>0.384511</td>\n",
       "      <td>-0.367084</td>\n",
       "      <td>0.410927</td>\n",
       "      <td>-0.345898</td>\n",
       "    </tr>\n",
       "    <tr>\n",
       "      <th>PTRATIO</th>\n",
       "      <td>0.319470</td>\n",
       "      <td>-0.364122</td>\n",
       "      <td>0.317336</td>\n",
       "      <td>-0.099623</td>\n",
       "      <td>0.103464</td>\n",
       "      <td>-0.334164</td>\n",
       "      <td>0.192956</td>\n",
       "      <td>-0.152253</td>\n",
       "      <td>0.387484</td>\n",
       "      <td>0.384511</td>\n",
       "      <td>1.000000</td>\n",
       "      <td>-0.089609</td>\n",
       "      <td>0.303043</td>\n",
       "      <td>-0.461214</td>\n",
       "    </tr>\n",
       "    <tr>\n",
       "      <th>B</th>\n",
       "      <td>-0.413014</td>\n",
       "      <td>0.150380</td>\n",
       "      <td>-0.316752</td>\n",
       "      <td>0.013415</td>\n",
       "      <td>-0.358433</td>\n",
       "      <td>0.108352</td>\n",
       "      <td>-0.223765</td>\n",
       "      <td>0.234449</td>\n",
       "      <td>-0.352586</td>\n",
       "      <td>-0.367084</td>\n",
       "      <td>-0.089609</td>\n",
       "      <td>1.000000</td>\n",
       "      <td>-0.291094</td>\n",
       "      <td>0.264797</td>\n",
       "    </tr>\n",
       "    <tr>\n",
       "      <th>LSTAT</th>\n",
       "      <td>0.424789</td>\n",
       "      <td>-0.411165</td>\n",
       "      <td>0.565402</td>\n",
       "      <td>-0.009430</td>\n",
       "      <td>0.536824</td>\n",
       "      <td>-0.607289</td>\n",
       "      <td>0.573266</td>\n",
       "      <td>-0.423725</td>\n",
       "      <td>0.309788</td>\n",
       "      <td>0.410927</td>\n",
       "      <td>0.303043</td>\n",
       "      <td>-0.291094</td>\n",
       "      <td>1.000000</td>\n",
       "      <td>-0.706255</td>\n",
       "    </tr>\n",
       "    <tr>\n",
       "      <th>MEDV</th>\n",
       "      <td>-0.286245</td>\n",
       "      <td>0.331570</td>\n",
       "      <td>-0.411915</td>\n",
       "      <td>0.154409</td>\n",
       "      <td>-0.332778</td>\n",
       "      <td>0.740181</td>\n",
       "      <td>-0.299893</td>\n",
       "      <td>0.138798</td>\n",
       "      <td>-0.217902</td>\n",
       "      <td>-0.345898</td>\n",
       "      <td>-0.461214</td>\n",
       "      <td>0.264797</td>\n",
       "      <td>-0.706255</td>\n",
       "      <td>1.000000</td>\n",
       "    </tr>\n",
       "  </tbody>\n",
       "</table>\n",
       "</div>"
      ],
      "text/plain": [
       "             CRIM        ZN     INDUS      CHAS       NOX        RM       AGE  \\\n",
       "CRIM     1.000000 -0.281239  0.573822  0.050066  0.636941 -0.142458  0.447664   \n",
       "ZN      -0.281239  1.000000 -0.514273 -0.059697 -0.500729  0.306623 -0.555679   \n",
       "INDUS    0.573822 -0.514273  1.000000  0.103016  0.738517 -0.364895  0.605982   \n",
       "CHAS     0.050066 -0.059697  0.103016  1.000000  0.134064  0.076580  0.123141   \n",
       "NOX      0.636941 -0.500729  0.738517  0.134064  1.000000 -0.264594  0.707148   \n",
       "RM      -0.142458  0.306623 -0.364895  0.076580 -0.264594  1.000000 -0.187871   \n",
       "AGE      0.447664 -0.555679  0.605982  0.123141  0.707148 -0.187871  1.000000   \n",
       "DIS     -0.461967  0.656152 -0.669362 -0.140662 -0.745812  0.138774 -0.720334   \n",
       "RAD      0.897988 -0.266606  0.513306  0.057337  0.542499 -0.095931  0.359326   \n",
       "TAX      0.825668 -0.269446  0.673312  0.016894  0.615120 -0.214948  0.427095   \n",
       "PTRATIO  0.319470 -0.364122  0.317336 -0.099623  0.103464 -0.334164  0.192956   \n",
       "B       -0.413014  0.150380 -0.316752  0.013415 -0.358433  0.108352 -0.223765   \n",
       "LSTAT    0.424789 -0.411165  0.565402 -0.009430  0.536824 -0.607289  0.573266   \n",
       "MEDV    -0.286245  0.331570 -0.411915  0.154409 -0.332778  0.740181 -0.299893   \n",
       "\n",
       "              DIS       RAD       TAX   PTRATIO         B     LSTAT      MEDV  \n",
       "CRIM    -0.461967  0.897988  0.825668  0.319470 -0.413014  0.424789 -0.286245  \n",
       "ZN       0.656152 -0.266606 -0.269446 -0.364122  0.150380 -0.411165  0.331570  \n",
       "INDUS   -0.669362  0.513306  0.673312  0.317336 -0.316752  0.565402 -0.411915  \n",
       "CHAS    -0.140662  0.057337  0.016894 -0.099623  0.013415 -0.009430  0.154409  \n",
       "NOX     -0.745812  0.542499  0.615120  0.103464 -0.358433  0.536824 -0.332778  \n",
       "RM       0.138774 -0.095931 -0.214948 -0.334164  0.108352 -0.607289  0.740181  \n",
       "AGE     -0.720334  0.359326  0.427095  0.192956 -0.223765  0.573266 -0.299893  \n",
       "DIS      1.000000 -0.388385 -0.444131 -0.152253  0.234449 -0.423725  0.138798  \n",
       "RAD     -0.388385  1.000000  0.872876  0.387484 -0.352586  0.309788 -0.217902  \n",
       "TAX     -0.444131  0.872876  1.000000  0.384511 -0.367084  0.410927 -0.345898  \n",
       "PTRATIO -0.152253  0.387484  0.384511  1.000000 -0.089609  0.303043 -0.461214  \n",
       "B        0.234449 -0.352586 -0.367084 -0.089609  1.000000 -0.291094  0.264797  \n",
       "LSTAT   -0.423725  0.309788  0.410927  0.303043 -0.291094  1.000000 -0.706255  \n",
       "MEDV     0.138798 -0.217902 -0.345898 -0.461214  0.264797 -0.706255  1.000000  "
      ]
     },
     "execution_count": 9,
     "metadata": {},
     "output_type": "execute_result"
    }
   ],
   "source": [
    "# Correlation\n",
    "corMat = pd.DataFrame(df.corr())\n",
    "corMat"
   ]
  },
  {
   "cell_type": "code",
   "execution_count": 10,
   "metadata": {},
   "outputs": [],
   "source": [
    "sns.set(style='whitegrid', context='notebook')"
   ]
  },
  {
   "cell_type": "code",
   "execution_count": 11,
   "metadata": {},
   "outputs": [
    {
     "data": {
